65533
0
65534
65533
3
0
3
65533
65533
65535
1
65533
2
0
4
0
65535
4
65532
0
2
65533
65534
65535
1
1
1
1
65535
1
3
1
0
0
65533
65534
2
4
3
2
0
65535
0
3
1
1
3
2
65532
4
65534
65534
2
0
0
65535
65535
1
65534
1
0
65532
0
1
65535
0
1
0
3
65535
65533
0
65535
65535
4
65534
1
0
3
65533
65534
0
65535
3
65535
1
65533
0
65533
65533
1
65534
0
2
65534
0
3
2
65533
65535
2
3
2
65532
3
4
3
0
0
65532
65535
65534
0
0
65534
65535
2
65534
65535
0
65534
3
65534
65535
0
0
65532
0
4
65533
0
2
65535
4
3
65535
4
3
65534
65533
4
65535
65535
65533
65533
65533
65535
3
65535
65533
2
0
2
3
65532
4
1
4
2
2
0
65535
0
65533
65535
65535
0
1
2
65533
65532
4
1
65535
65535
65534
2
2
2
0
65534
65534
65535
3
1
65534
2
2
65535
2
0
65534
65534
1
0
3
3
65535
2
65534
65535
65532
4
65535
65535
1
65534
1
65533
0
65535
65534
65535
1
3
1
1
0
65535
2
1
3
65534
65535
65535
65535
4
2
1
65535
0
0
3
0
0
0
0
65533
65532
1
2
65533
65534
65535
0
65535
65534
65533
65533
65535
3
4
0
0
65535
65533
2
65534
2
4
4
1
3
0
0
1
65535
2
65533
65533
65534
1
2
3
1
2
65533
65534
65534
3
3
2
3
3
65534
0
0
0
65533
2
0
65534
1
65532
65535
3
4
65535
65535
1
2
65533
0
0
0
65535
1
65532
65534
65533
65534
2
65535
2
2
65532
65532
65534
4
3
2
65534
2
4
65534
2
65535
0
2
1
65534
1
3
65535
1
1
65535
0
65534
65535
0
1
2
3
2
1
0
0
65533
65532
1
65534
1
1
4
3
1
65533
2
3
4
0
0
0
1
0
65535
2
0
65535
65535
65535
65535
2
1
0
65534
65535
0
1
0
0
65534
3
65535
65533
3
65532
4
2
1
65534
3
1
0
1
2
65534
65533
1
65533
1
2
65535
4
65533
0
4
2
2
65532
2
2
1
2
65534
65535
65535
65534
3
65535
2
65533
1
1
0
65535
3
3
0
3
65533
65533
1
2
1
65535
65532
2
0
0
2
65535
1
65534
65534
